"","c1a","c1b","c1c","c1d","c1e","c1f","c1g","c1h","c1i","c1j","c1k","c1l","c1m","c1n","c1o","c1p","c1q","c1r","f1a","f1b","f1c","f1d","f1e","f1f","f1g","f2a1","f2b1","f2c1","f2d1","f2e1","f2f1","f2g1","f2a2","f2b2","f2c2","f2d2","f2e2","f2f2","f2g2","f5a","f5b","f5c","d1h","d1i","d1j","g2a","g2b","g2c","g2d","h1a","h1b","h1c","neighbors_f2a1","neighbors_f2b1","neighbors_f2c1","neighbors_f2d1","neighbors_f2e1","neighbors_f2f1","neighbors_f2g1","near_cnf","near_03f"
"c1a",0.930788110624043,0.83663338879645,0.352865359610722,0.759510869565217,-0.39090295879636,-0.405977043032881,-0.27765843179377,-0.303613162436692,-0.231171095209881,0.156417539201022,0.0705830788214471,0.000857255653939428,0.0498581422906887,0.0198329557520114,0.0560464514968579,-0.0334442501832948,0.0916466128050653,0.118340265399089,0.063214623843857,0.0867491963228244,0.0443073785874747,0.0741500142854742,0.0742671605615768,0.0616387969329146,0.0226326728402324,0.00509118246996976,0.014165280088741,0.00242674169849807,0.00876722627293381,0.0268047163918386,0.0287394762881355,-0.0163487211237085,0.10989481409002,0.139926449974439,0.110607470318327,0.0636712576202303,0.142037710131758,0.166545326185276,0.112877248438323,0.0378035784396208,0.0983395353200538,0.0798542948130698,-0.00536912751677852,-0.0089446736757472,0.0407787827686647,0.0709371775227493,0.0642155401545073,0.0771153115087155,0.0644018431577117,-0.0095575959933222,-0.00189129229062673,-0.00593455352190793,0.0057930747556487,0.0100423565198753,0.00480659505552389,0.00657367919700608,0.00494709991242283,-0.0028966598053153,-0.00587786256868194,-89.0999616403486,-164.743731072213
"c1b",0.83663338879645,1.03360401545597,0.384377785726858,0.841929347826087,-0.423434856175973,-0.449161407600494,-0.304961713038356,-0.332045949693008,-0.277038421220546,0.186131325523941,0.0694356815428166,0.016964638204275,0.0592868374276469,0.00442309548549009,0.0447792654547907,-0.0110540860639558,0.0810324900475151,0.134416999122881,0.0880685478675428,0.102543567762676,0.0538730441505185,0.0797129460009075,0.087603466410573,0.0758622640975582,0.0298594421382274,-0.000768376073100757,0.0240404880754298,-0.00644551439737757,-0.00928131961680698,0.0216693108385249,0.0274348953294896,-0.0214537233072233,0.100247676125245,0.139683207176899,0.110651207545069,0.0534695567095657,0.118675764262997,0.175020774961208,0.0529803567396704,0.0399349374614392,0.0826730041589793,0.0666797539589059,-0.0181038858496419,-0.00644608349478786,0.0607451695141408,0.0780262046968323,0.0911270089673846,0.0808856980824001,0.101764910450356,-0.00400667779632721,6.93288962839712e-05,-0.00816417082640044,0.0070751287801756,0.00938735076281456,0.00707680668791014,0.00509729186937959,0.00712290926285644,0.00426408690858227,-0.00480781245757825,-96.3864064194006,-60.7555939955695
"c1c",0.352865359610722,0.384377785726858,0.502698663357961,0.325107466963859,-0.334164841405046,-0.281681326704447,-0.24716863648112,-0.239567206699088,-0.249829062800589,0.192549440441515,0.11121872293879,-0.024422839771717,-0.0336064096377136,-0.0788520841273691,-0.00215793204371885,0.00509334939344403,-0.0341611732842762,0.0381025006474634,0.0847699512328517,0.067868550545308,0.0488807335254036,0.0380624914254356,0.0661853504856918,0.0371724241479274,0.0425641377418027,-0.00858383621905138,-0.00869479104773222,-0.000893914612824996,-0.00753482601094129,0.00305397326715921,-0.00772376064519768,0.00953414923016186,0.0534396609068267,0.0731419088806195,0.0839631069367651,0.0555627751956947,0.0857388048057419,0.0487479742798892,0.0825756883528265,0.0614241151005857,0.0713902376693074,0.0648109243697479,-0.00714101350770025,0.0106177003310224,0.0275342734716977,0.0770435446906035,0.0452045789270747,0.0745618208460997,0.040264723172127,0.00307459076430409,0.00218147865206689,0.00493449905214611,-0.00336789867793111,0.000307924055504976,0.00647366287982573,-0.00764255385116187,-0.00153918185305783,-0.0045496991954505,-0.00446500567479652,-77.2725151891728,-158.362518864444
"c1d",0.759510869565217,0.841929347826087,0.325107466963859,1.3151667436268,-0.377414978571208,-0.420834485513258,-0.250431569041699,-0.298143519954272,-0.238307678127016,0.133762077294686,0.0333585820330253,0.0224808605602885,0.0147596583726451,0.0246965926199035,0.144784768715301,-0.101844054723636,0.114166666666667,0.192828187574247,0.110162096652022,0.13007847301041,0.0676018785032571,0.0740493864565975,0.0824525359538602,0.0932543813454497,0.0534434176639903,0.0138468273434361,0.0120203880223378,-0.0014332575725774,0.00707033756514126,0.0117958897291203,0.00831169454222713,0.000641667616174821,0.144164045626627,0.146015037593985,0.145769438931986,0.0943077821769326,0.175561064718163,0.238480276599088,0.188561085387829,0.0184162062615101,0.0621428037484795,0.0198820550319575,0.0293765316112398,0.020216517427306,0.0600039190231835,0.0709565594193479,0.131989111805626,0.116368726389638,0.142171589878012,-0.00892210144927536,-0.010934190256114,-0.0104256932409012,0.00825145290433388,0.0190423463295717,0.00866269459442532,0.0203287677494828,0.0135636308295334,0.0119146086572828,0.000622130587614893,-99.6705060766909,-30.1459563550613
"c1e",-0.39090295879636,-0.423434856175973,-0.334164841405046,-0.377414978571208,1.00960419257215,0.568614055386619,0.508473832103969,0.483203361054358,0.397625457146013,-0.147425344125852,-0.102580372250423,0.0401846912730506,0.114235628608474,0.174703908925467,0.0915340273595457,0.0354555622472683,0.0943724078209744,-0.0329250545719137,-0.0411597694226964,-0.0685603031672635,-0.0519006647290725,-0.00603435872348997,-0.0453196347031963,-0.0421242972015978,-0.0573163362205404,0.00254370574775297,-0.0100069504580466,-0.0127156897814571,0.0116567587056626,0.00336416440969561,0.00907046859829322,0.00766518473095202,-0.0155771948624765,-0.0808567166180563,-0.0844178316472302,-0.0467074805068226,-0.0575219058724984,-0.0545096077010971,-0.0565187926413255,-0.120353806400318,-0.101870620258296,-0.0997428844390585,0.0290876961990229,0.0505556317739059,0.0367519230657418,-0.0855438218528991,-0.0379551820728291,-0.0679497827753642,-0.023538961038961,0.00150054877212238,-0.00846588578460417,-0.0062668064354405,-0.00671330543651653,-0.00435927792047313,-0.00810897413189526,-0.0117144732128533,0.00319614929617862,0.0144933758252158,0.00756694779491055,70.7704922015819,184.679235629279
"c1f",-0.405977043032881,-0.449161407600494,-0.281681326704447,-0.420834485513258,0.568614055386619,1.12403688373334,0.597646796212317,0.624206497654744,0.45170818751949,-0.103778314570895,-0.0615799188733421,0.0668867645048083,0.126352541702764,0.19930586835753,0.0836420176521699,0.0384352863575095,0.0596010697191136,0.00609478863917585,0.0152369715979396,-0.0548215879196653,-0.0547955454519294,-0.0144628931541538,-0.00607979510796776,-0.035336151310243,-0.00551063278754568,0.00872979372136202,0.00620413837108609,0.0137235196257119,0.0108732064887208,0.0260616280852369,0.0100101634671618,0.0292810056722367,-0.0165197121718861,-0.0695627293230552,-0.0611298311960114,-0.0554832175925926,-0.0688094866593852,0.00807537512739825,-0.0128913864522417,-0.119093406593407,-0.166317220330724,-0.0959781497572195,0.061152304724946,0.0743128915717748,0.0146304701846783,-0.0355066445182724,-0.00887142304349757,-0.0240641711229947,-0.0258625611357451,0.00519904422188686,-0.00103972015860717,-0.0369143384531243,-0.00239883028951873,0.01083548639598,-0.00465219087853674,-0.00401571221006617,0.01109452824059,0.0104250703740752,0.0151493253275262,144.613946087092,-28.4656947062245
"c1g",-0.27765843179377,-0.304961713038356,-0.24716863648112,-0.250431569041699,0.508473832103969,0.597646796212317,1.06117181450572,0.599304614776355,0.405499941458846,-0.133190118152524,-0.0383960173807948,0.0408858603066439,0.167764313312259,0.250673223275963,0.0639675224928681,0.0605204603135973,0.0112105308440162,0.0460343855201726,-0.00886383589839003,-0.0541086899448674,-0.0131634794843916,0.00341587641213784,0.022125942192415,0.0143653516295026,0.0119105069451308,0.0133098167426654,0.0121838220482864,0.00236599845134647,-0.00241762023573948,0.0216209240299406,0.0434053170437925,0.0375634517766497,0.00894625092444593,-0.0470928939308386,-0.0452555286201949,-0.0959247697588097,-0.0143905476823644,0.0586957016406126,0.0223004420328835,-0.132098988672617,-0.161154319787413,-0.0664950983557858,0.0858463872115749,0.127551020408163,0.0302394333216251,-0.043695026025858,0.0158629400939979,0.00340083524771079,0.0353902578208655,0.00686046914521326,-0.0229921441109608,-0.0308768093004518,-0.00413385937266128,0.0101796774608162,-0.0102587650713725,-0.00372740762832604,0.0157464609586045,-0.000702006690108487,0.0103313972355469,17.95633306001,28.1856543961
"c1h",-0.303613162436692,-0.332045949693008,-0.239567206699088,-0.298143519954272,0.483203361054358,0.624206497654744,0.599304614776355,1.0239620923409,0.44339671341306,-0.123602976544153,-0.115831030398737,0.00823865410711954,0.185479554545193,0.234044566807193,0.0934414169708287,-0.0111400684756503,0.0925010960844491,0.0333593500752017,0.00734925481974386,-0.0352490751096963,-0.030701654436899,0.0239676860671802,0.0117942217906751,0.0489338436303991,0.0467019506859305,0.0279838791271795,0.0108736111894422,0.00361707868200061,0.0287932953357391,0.0211628612862973,0.0313480152440053,0.042401605342147,0.0169128267250617,-0.0277372691005397,-0.0500230297447335,0.0107364766081871,-0.0601456832907671,0.088683859493108,0.0517178362573099,-0.117260103653237,-0.136051693404635,-0.0497300829099029,0.0637118717702474,0.107913872619755,0.0598009693423958,0.0106507824741025,0.0482785986924153,0.0525969798297125,0.00052908053361551,0.00854483207424384,-0.00800293271671085,-0.0244205064576166,-0.0120331116470836,0.000610069751565642,-0.0117390152460057,-0.00790852384837443,-0.00581488330687057,-0.00398283382931648,-0.00128491407450317,94.8527583837952,171.429420442902
"c1i",-0.231171095209881,-0.277038421220546,-0.249829062800589,-0.238307678127016,0.397625457146013,0.45170818751949,0.405499941458846,0.44339671341306,0.608861726508785,-0.116252107925801,-0.0885641121728811,0.108045440043754,0.0992942321732782,0.154955360752111,0.123148443553165,-0.0168661681986555,0.0846419375831141,0.0515644268547994,-0.0248644928159683,-0.0283052100296825,-0.0277696521265307,0.0059623160973931,-0.0194151738672287,0.0168532489656851,-0.0317961513091858,0.00943609767139179,0.00649553432015489,0.0029850323967971,0.0206688736100501,0.0233992586933763,0.022734346263758,0.014514896867838,-0.015016501650165,-0.0791396207203767,-0.0653907496012759,-0.0228617474387015,-0.0174279895257492,0.0083540302551366,-0.02719673331022,-0.0716649629440327,-0.108555985150134,-0.045438282647585,0.020045466317516,0.0424205824711727,0.0176282696900809,-0.0023575261947355,0.0351653440412076,0.00847020626432391,0.0356569674132998,-0.0105453261018185,0.00741535648786914,-0.00526342684858705,-0.0079301508673255,0.000694414830267144,-0.00728933561328197,0.00133023853030551,-0.00894929103436374,-0.000281374825948322,0.00333887891022853,83.8529155620866,-45.7295597270333
"c1j",0.156417539201022,0.186131325523941,0.192549440441515,0.133762077294686,-0.147425344125852,-0.103778314570895,-0.133190118152524,-0.123602976544153,-0.116252107925801,1.02352810239288,0.286863526103203,0.179394845186397,-0.150880893583939,-0.212955865569694,-0.0112981012444774,0.112946252326434,-0.0589081021323164,0.10384637076307,0.0206643731318031,0.0563220740286508,0.0204387795386611,0.0406012069257233,0.0120456965267187,0.050929196481473,0.045067960069934,-0.00704507512520868,-0.00979894026275677,0.0013132999443517,-0.0123539232053422,-0.00643294379521425,0.0161491374513077,-0.0183528102392877,0.0280150416330916,-0.0462697274031564,0.0403495797250121,0.0346887979248197,0.0700104239897215,0.10677787301378,-0.00847540221612463,0.0503455392601395,0.0407234546439414,0.0432373062197954,-0.0426619132501485,-0.0634050968331065,0.0202132993026754,0.0827559153957196,0.0576121300502926,0.0584227149066575,0.0462760421535451,0.0162742362873453,0.00741760235844579,0.0102679493693503,-0.000406032300990901,0.00254171653471989,0.00337389968542701,-0.00146014139693097,0.000526784756304617,0.0230307270266314,0.00656834715615653,-12.1446553130591,-161.199595602723
"c1k",0.0705830788214471,0.0694356815428166,0.11121872293879,0.0333585820330253,-0.102580372250423,-0.0615799188733421,-0.0383960173807948,-0.115831030398737,-0.0885641121728811,0.286863526103203,0.802662229617304,0.19273380324441,-0.150555583945129,-0.113323713323713,-0.0316045108485572,0.0874787809292548,-0.0633500278241514,0.228616547290057,0.0971636707025058,0.0706646294881589,0.0779400357492159,0.0530954549031511,0.0444205454701884,0.0355494234077708,0.0850842579789327,-0.000784803105934553,-0.00671118530884808,0.0259595119245702,0.0270909595119246,0.000330005546311703,0.0265280088740987,0.00765668330560177,0.0682053643375158,0.0954498037852069,0.132790419161677,0.0774892752314292,0.0544273706756669,0.0774593509387341,0.0827538195228419,0.0273992307451765,0.0488388878428419,0.0935551455642766,-0.0433749257278669,-0.0254309451381769,-0.0140585165880275,-0.0618935542584573,-0.0686334997289061,-0.0428906469870853,-0.0515639314225887,0.010156280534447,-0.0171702838063439,-7.51252086811352e-05,0.00156000137177201,-0.00552943730138622,-0.00541508622781546,0.000335196103393353,-0.00785562447648325,-0.00323384001341176,-0.0071714365160654,9.52543197160091,-221.092366747751
"c1l",0.000857255653939428,0.016964638204275,-0.024422839771717,0.0224808605602885,0.0401846912730506,0.0668867645048083,0.0408858603066439,0.00823865410711954,0.108045440043754,0.179394845186397,0.19273380324441,0.796381573418934,-0.10844876537899,-0.122399048794988,0.159613106987762,-0.04645332880627,0.0666935569710313,0.200308310763623,0.0350554448362206,0.0625142909406869,0.0526484632724093,0.0667864706650541,0.0340483723301927,0.0770598525911268,0.0687964524389482,-0.0176803751197459,-0.00635728980472834,0.0189156484764962,0.0203778087763231,-0.012688862372061,0.00984577290017535,0.00603351204181442,-0.0412111406448631,0.0230890726962883,0.0444969939879759,0.106705802664258,0.0699209840338873,0.0956260150597962,0.0644667749612784,0.00292345910001707,-0.0716374547230733,-0.0207202139023912,0.0544642450207374,0.0012689639614235,0.0391960257053006,0.00924129125237827,0.0358061884139836,0.0142158900520263,0.0280047699742672,0.006750888274773,-0.0229756163367171,-0.00315335064584668,-0.00390283980894248,-0.00605676168559821,0.00595580703908995,0.00770571307993934,-0.00959343329437938,-0.00202190861955509,0.00727914003569865,64.5700939777637,-185.540401343302
"c1m",0.0498581422906887,0.0592868374276469,-0.0336064096377136,0.0147596583726451,0.114235628608474,0.126352541702764,0.167764313312259,0.185479554545193,0.0992942321732782,-0.150880893583939,-0.150555583945129,-0.10844876537899,0.91671335200747,0.549568384524936,0.131968262678923,-0.0350585356930535,0.182848723320899,0.0796093951647595,-0.0390776907855115,-0.00286719101902221,0.000212222891393501,0.00554647394533827,0.0562434141201264,-0.00238153182908598,0.0236513808827325,0.00447047505871035,-0.00379568592047513,0.0195936960642843,0.0200067905950259,0.0685029567382509,0.0317828141357553,0.0361514302690773,-0.00499354283254412,-0.0424899855252971,0.0499975660414098,0.0260442147749511,0.0853078999221764,0.0655001128923007,0.0825301436881236,0.0195182724252492,0.0639647091259995,0.0430456171735241,0.035844218842036,0.0816727260255179,-0.00918715015818934,-0.0183956245471624,0.0282149223325694,-0.0197738308203424,-0.000849885408708938,-0.00601328562964313,-0.00341242668392753,-0.00931177996945282,0.00242612057356015,0.00720939065832685,-0.00468903428828356,-0.00426642126313537,-0.00157483334827573,-0.00500570738254983,0.00766825286560829,-30.1332489344609,21.7087243724224
"c1n",0.0198329557520114,0.00442309548549009,-0.0788520841273691,0.0246965926199035,0.174703908925467,0.19930586835753,0.250673223275963,0.234044566807193,0.154955360752111,-0.212955865569694,-0.113323713323713,-0.122399048794988,0.549568384524936,1.03173819863516,0.176832186317852,-0.0356844788951388,0.173352573352573,0.122707733113824,0.0235629030045274,0.0132485396103709,-0.00531051355924452,-0.0237686925504184,0.0293136139552522,-0.0568673989120266,0.0483548269081264,-0.0029891151091309,-0.00344905639023286,0.0112853194969263,-0.028278156900344,0.0404630308499239,0.0170210366025605,0.0284106931363149,0.0174825174825175,-0.0169109974080183,0.069089234200383,-0.0899049045988258,0.00121621398769769,0.0871601084367042,0.0950495352250489,-0.021969696969697,0.0153335037055967,0.0133403361344538,0.0188052142384392,0.0904585023472039,-0.0150058325537346,-0.0147840531561462,0.0445283904567974,-0.00489241151005857,0.0725953273577305,-0.00594477660244945,-0.0160795631383867,-0.0456752397928869,0.00616716564136432,0.00757886884616587,-0.0145297400606007,-0.00503703114454394,0.0112320366358481,-0.0104723913960358,0.0194397353433918,20.4150574132018,11.5667655668463
"c1o",0.0560464514968579,0.0447792654547907,-0.00215793204371885,0.144784768715301,0.0915340273595457,0.0836420176521699,0.0639675224928681,0.0934414169708287,0.123148443553165,-0.0112981012444774,-0.0316045108485572,0.159613106987762,0.131968262678923,0.176832186317852,0.827745238720052,-0.46356381478766,0.504212706796724,0.279679144385027,0.0335766629884277,0.0401787748963128,0.0160625866508219,0.0606315253374077,0.0610108219858402,0.0736726574290026,0.0325609031491384,-0.001217190300445,0.00354055674134328,0.0310858119161814,0.0109714630292405,0.00222779325631906,0.0163343588254672,0.0143606121685529,-0.0206672059786587,0.0130845006026851,-0.0240159032925288,0.0445241962902799,0.0235500162919518,0.0524767459028496,0.0891201692418118,-0.0843001650227379,-0.0612630607510603,-0.0707078341710442,0.0797065653726699,0.0478342495475139,0.0886439770293059,0.031946386505927,0.0805966415460146,0.031428481767401,0.0738672253666469,-0.0121749688037503,-0.0743460894214663,-0.0172490098205632,0.00314403309065745,0.00410583220319662,0.0109461562628739,0.0145203518729617,-0.00294299550989071,-0.0173560677794284,0.0106927581807021,99.3274376079398,-292.779698913786
"c1p",-0.0334442501832948,-0.0110540860639558,0.00509334939344403,-0.101844054723636,0.0354555622472683,0.0384352863575095,0.0605204603135973,-0.0111400684756503,-0.0168661681986555,0.112946252326434,0.0874787809292548,-0.04645332880627,-0.0350585356930535,-0.0356844788951388,-0.46356381478766,0.768368038632404,-0.411768989876921,-0.169746935345586,0.0125538692149147,0.00120329720583528,0.00225413210236144,-0.0327502115023194,-0.00952612731634391,-0.00750523387536207,0.0072762475797889,-0.0140950012044615,-0.00623924994098007,0.00254897676789746,-0.01615659120575,-0.00189352559900954,-0.0111482720178372,-0.00643126446054128,0.019550059709542,0.0281655158710447,0.0833997311892862,-0.01849571228892,0.0514988595633757,0.0314065510597303,0.0146047132530852,0.0790282105901911,0.024901516737397,0.0680676093373703,-0.0506471901918782,-0.00838080198522362,-0.0563606118809164,-0.0460168264824308,-0.0319305843218477,-0.00432082435786,-0.0270664658256449,0.0110681856635272,0.0543910829314357,-0.00756298269872854,-0.00257273727021867,-0.00346744828158127,-0.0101406912874001,-0.00836041733950485,0.000522473759285612,0.00896684301994114,-0.0149991550021114,-47.1183701429503,172.483242960552
"c1q",0.0916466128050653,0.0810324900475151,-0.0341611732842762,0.114166666666667,0.0943724078209744,0.0596010697191136,0.0112105308440162,0.0925010960844491,0.0846419375831141,-0.0589081021323164,-0.0633500278241514,0.0666935569710313,0.182848723320899,0.173352573352573,0.504212706796724,-0.411768989876921,0.833283416528009,0.251618832417119,-0.0200808292019381,-0.0296296296296296,-0.00907220667093859,0.00152608680988837,-0.0121483265938226,-0.0153644369495972,-0.0194906298831967,0.007210205213533,0.00240400667779633,0.0155934553521908,0.0205990016638935,0.00254298391569606,0.0019606211869107,0.0122684414864115,-0.0505276083035954,-0.049525607272366,-0.0390658682634731,-0.000857981485662678,-0.0516202051015772,-0.105599311668542,-0.0169564235719124,-0.10151662028206,-0.0771668863365342,-0.108499327683792,0.0827590096441261,0.0438802686752168,0.0634920634920635,0.059986240970637,0.0823335072161363,0.0270533026716772,0.079042154159525,-0.00945276687455681,-0.0454757929883139,0.00180300500834725,0.00329411536103128,-0.000661871522453199,0.0150011450585917,0.0141481344913435,0.00501091950284754,-0.0112878068138616,0.0139731798593528,36.9422579161635,-386.593962365746
"c1r",0.118340265399089,0.134416999122881,0.0381025006474634,0.192828187574247,-0.0329250545719137,0.00609478863917585,0.0460343855201726,0.0333593500752017,0.0515644268547994,0.10384637076307,0.228616547290057,0.200308310763623,0.0796093951647595,0.122707733113824,0.279679144385027,-0.169746935345586,0.251618832417119,1.23290951401302,0.108247686978716,0.111959046717715,0.112261291645777,0.150044437354724,0.125358303632167,0.129734396132485,0.137362699968096,0.0111126100300159,-0.00353899949241442,0.0137853698020303,0.0425449394624127,-0.00144177262149675,0.0430339617550841,0.039492765842636,0.0745959725892836,0.120331724161051,0.0928242026221117,0.126440181734058,0.0988659040329799,0.115476748424725,0.127935398391813,-0.0455648755080498,-0.0138655462184874,-0.0612911615632989,0.107639365253578,0.0714936479642362,0.097960939516476,0.0360629531657373,0.0502909942934885,0.0392059569034721,0.106483755967902,-0.00547491723962312,-0.0381478766003046,0.00117872652416671,7.02581084795889e-05,-0.00995991968792148,0.00363335139957997,0.0062691174216199,-0.0233579134985267,-0.030054993702055,0.00097030854877262,-40.2293385153252,-321.608656051702
"f1a",0.063214623843857,0.0880685478675428,0.0847699512328517,0.110162096652022,-0.0411597694226964,0.0152369715979396,-0.00886383589839003,0.00734925481974386,-0.0248644928159683,0.0206643731318031,0.0971636707025058,0.0350554448362206,-0.0390776907855115,0.0235629030045274,0.0335766629884277,0.0125538692149147,-0.0200808292019381,0.108247686978716,0.725027081786997,0.431437525948579,0.181679158149746,0.291301285437577,0.334084454870972,0.300168124422231,0.267099338414711,0.0298376095809344,0.0106105199607577,0.000426287387911493,0.0176081766936147,0.0472150895705029,0.0584791069028466,0.0687451102329034,0.216637983326045,0.146456716802816,0.0987476829214893,0.156147674330059,0.256973469690233,0.282485646192179,0.337590773469571,0.0742136916923254,0.0697105667394292,0.100802854594112,0.0544817891373802,0.0660460948021832,0.0766538461538462,0.104778708757779,0.104981502193926,0.108042934016287,0.141581347328573,-0.00215761980467863,0.0109400548386285,-0.0150781073126556,0.00227851079864193,0.014589001208837,-0.00286135640127166,0.00456269757341153,-0.00344446688861723,0.008405990892337,0.00770112201375725,-99.2068250816532,-46.1724522406052
"f1b",0.0867491963228244,0.102543567762676,0.067868550545308,0.13007847301041,-0.0685603031672635,-0.0548215879196653,-0.0541086899448674,-0.0352490751096963,-0.0283052100296825,0.0563220740286508,0.0706646294881589,0.0625142909406869,-0.00286719101902221,0.0132485396103709,0.0401787748963128,0.00120329720583528,-0.0296296296296296,0.111959046717715,0.431437525948579,0.685098543922073,0.212009467792237,0.257303575587577,0.337527676990808,0.283810018802452,0.274454953267243,0.0315794786383022,0.0467606047411218,0.000974083327024503,0.0247205188381659,0.0509450627097686,0.054129760012113,0.0619930855224973,0.169525983521775,0.323049168297456,0.10788055514543,0.153570930394755,0.257841902448533,0.286932648332008,0.332174734852462,0.0826640707390282,0.0316789832026094,0.0661961547821854,0.0672511009589661,0.0621015943867802,0.0561771946756953,0.106549179898948,0.0955499347446958,0.105714517493539,0.139383597241953,0.000101585753613913,0.00414164632973175,-0.0139666643038692,-6.62605859741512e-06,0.00838665962766872,0.00261941117646352,0.00712913822138329,0.00534610743228141,0.00899400369989351,0.00583464407254417,-68.4195878945143,-151.331748192177
"f1c",0.0443073785874747,0.0538730441505185,0.0488807335254036,0.0676018785032571,-0.0519006647290725,-0.0547955454519294,-0.0131634794843916,-0.030701654436899,-0.0277696521265307,0.0204387795386611,0.0779400357492159,0.0526484632724093,0.000212222891393501,-0.00531051355924452,0.0160625866508219,0.00225413210236144,-0.00907220667093859,0.112261291645777,0.181679158149746,0.212009467792237,0.417900535808618,0.243060901064071,0.200230481129358,0.201392604368895,0.219850102203043,-0.000105652403592182,0.0171726348196936,0.0287525469775866,0.0228863230448016,-0.00460845722335421,0.0100671647422836,0.0202022488868765,0.0735849056603774,0.153409783138402,0.163294872077717,0.161375385641624,0.102077623354219,0.120680516197427,0.153947551959827,0.0385179538708522,0.0146252708920025,0.0422340413245094,0.00338717948717949,0.0532766484828168,0.0209902457093468,0.0812589090150541,0.0558775287042099,0.0807462203896839,0.0777013611119104,0.000741749617733132,0.0159108688520453,-0.00577888813182931,-0.000283622648026205,-0.00599141002387848,0.00796915605928926,0.00987891635635767,-0.00635385448154826,-0.00457010060032791,0.00551485691474506,5.147633540388,-148.097820088056
"f1d",0.0741500142854742,0.0797129460009075,0.0380624914254356,0.0740493864565975,-0.00603435872348997,-0.0144628931541538,0.00341587641213784,0.0239676860671802,0.0059623160973931,0.0406012069257233,0.0530954549031511,0.0667864706650541,0.00554647394533827,-0.0237686925504184,0.0606315253374077,-0.0327502115023194,0.00152608680988837,0.150044437354724,0.291301285437577,0.257303575587577,0.243060901064071,0.650033099961885,0.453420175330288,0.376558071496053,0.305883832666717,0.00983470079640514,0.0164792594269615,0.0188870388573492,0.0846004934903408,0.0275532106963028,0.0408132560332203,0.0273626351581777,0.100165668408309,0.132318474526134,0.145648813579189,0.387676268405641,0.270058249827036,0.203404289892753,0.214326412629589,0.0582256625708613,0.057733619763695,0.121587867975022,0.0869597444089457,0.0670511275606817,0.0810230769230769,0.0893682856447519,0.114213197969543,0.101496359816984,0.145421434512031,-0.00280112044817927,-0.0100042764068121,-0.00140869871456242,-0.00264429850225036,-0.00240249848474158,-0.000842315323642511,0.0124133739313894,-0.0018390596113413,0.00387561773782425,0.0109707303539006,-27.7401309726602,88.4005501567452
"f1e",0.0742671605615768,0.087603466410573,0.0661853504856918,0.0824525359538602,-0.0453196347031963,-0.00607979510796776,0.022125942192415,0.0117942217906751,-0.0194151738672287,0.0120456965267187,0.0444205454701884,0.0340483723301927,0.0562434141201264,0.0293136139552522,0.0610108219858402,-0.00952612731634391,-0.0121483265938226,0.125358303632167,0.334084454870972,0.337527676990808,0.200230481129358,0.453420175330288,0.814676923076923,0.536920535802124,0.438788739350537,0.00931794871794872,0.0394030127176195,0.00895641025641026,0.0613025641025641,0.111587179487179,0.0926871794871795,0.0763461538461538,0.111388738004708,0.204173073040426,0.104575901256868,0.31972520419247,0.434033298679061,0.381951222889106,0.372614759068374,0.0613929609261257,0.103264309077252,0.132950787784478,0.143100626859273,0.103675743407325,0.101210051769445,0.133587381301834,0.165343993044949,0.149428539430485,0.21816478300712,0.00142707467755338,-0.00461476725521669,-0.0209542330328847,0.00157308992222953,-0.000686659341676616,-0.00722825150122275,0.000998728685028808,0.00457123000719241,0.00647260553277551,0.00118532246998494,-108.172964972459,146.21212028996
"f1f",0.0616387969329146,0.0758622640975582,0.0371724241479274,0.0932543813454497,-0.0421242972015978,-0.035336151310243,0.0143653516295026,0.0489338436303991,0.0168532489656851,0.050929196481473,0.0355494234077708,0.0770598525911268,-0.00238153182908598,-0.0568673989120266,0.0736726574290026,-0.00750523387536207,-0.0153644369495972,0.129734396132485,0.300168124422231,0.283810018802452,0.201392604368895,0.376558071496053,0.536920535802124,1.02901177685741,0.622454007050051,0.00514161595090782,0.0540639380733246,0.015961540408899,0.0581374743045781,0.109285287535569,0.192497949429384,0.117036950776179,0.13111144526551,0.220210275891178,0.108792796798577,0.315324302565718,0.457857304131858,0.692124056175867,0.528687171054943,0.0635382083946253,0.147449024240833,0.14845253530708,0.14736287954251,0.125579552715655,0.131221813173442,0.116817159037391,0.101630805123408,0.110019817126169,0.148392294099304,-0.00322546127153492,0.0132645597781367,-0.00881510376984732,-0.00121301971829557,-0.00108464436011267,-0.00644996966509237,0.00207804163001453,0.00332031176626388,-0.000390228180849787,-0.00217924435734742,-85.7402703200061,162.584526985169
"f1g",0.0226326728402324,0.0298594421382274,0.0425641377418027,0.0534434176639903,-0.0573163362205404,-0.00551063278754568,0.0119105069451308,0.0467019506859305,-0.0317961513091858,0.045067960069934,0.0850842579789327,0.0687964524389482,0.0236513808827325,0.0483548269081264,0.0325609031491384,0.0072762475797889,-0.0194906298831967,0.137362699968096,0.267099338414711,0.274454953267243,0.219850102203043,0.305883832666717,0.438788739350537,0.622454007050051,0.859916949186543,-0.00787377881201228,0.0394913591427062,0.0414150735220365,0.0709342213484724,0.0938534373808903,0.125137916507854,0.159531785993701,0.0605397674978406,0.213605782723129,0.18752335113514,0.303413567042568,0.42501543657613,0.515076902320561,0.638778871008088,0.0565451353917873,0.0806480486931615,0.110540703864637,0.102732268370607,0.11615596488208,0.083825641025641,0.0798769252164239,0.0530844016174826,0.0656729302753878,0.107204106799736,0.00196835490953138,0.0175156591955324,-0.015943450808744,-0.000848497525997137,0.00413728156762088,0.000599851145778889,0.011235097258755,-0.00566652066620226,0.000638747919902899,0.000650235333536808,21.2806404843513,51.8305863584676
"f2a1",0.00509118246996976,-0.000768376073100757,-0.00858383621905138,0.0138468273434361,0.00254370574775297,0.00872979372136202,0.0133098167426654,0.0279838791271795,0.00943609767139179,-0.00704507512520868,-0.000784803105934553,-0.0176803751197459,0.00447047505871035,-0.0029891151091309,-0.001217190300445,-0.0140950012044615,0.007210205213533,0.0111126100300159,0.0298376095809344,0.0315794786383022,-0.000105652403592182,0.00983470079640514,0.00931794871794872,0.00514161595090782,-0.00787377881201228,0.060227949390511,0.0111914141563737,0.00450042568269169,0.0149653302362662,0.0116607530400634,0.0151720200981285,0.0129033528048306,0.114914767755259,0.03645435053154,0.0156291870360311,0.0175566509207914,0.0196828968752988,0.036131144906282,0.0126434412148698,0.00776229433480698,-0.00603649334613802,0.00222186773620163,-0.0215436493068565,-0.0166477762843788,-0.0254218348418818,-0.0168631162350512,-0.00815916330250226,-0.00928911626635067,-0.0100839763571635,0.00153243530132911,-0.00832857249310713,0.00192255147917236,-0.00132355773637281,0.00210853259821595,-0.00200224460228429,-0.00334368964037859,0.00168069392677562,-0.0019319276389413,0.00157355927176803,-13.3977091782073,17.419254151201
"f2b1",0.014165280088741,0.0240404880754298,-0.00869479104773222,0.0120203880223378,-0.0100069504580466,0.00620413837108609,0.0121838220482864,0.0108736111894422,0.00649553432015489,-0.00979894026275677,-0.00671118530884808,-0.00635728980472834,-0.00379568592047513,-0.00344905639023286,0.00354055674134328,-0.00623924994098007,0.00240400667779633,-0.00353899949241442,0.0106105199607577,0.0467606047411218,0.0171726348196936,0.0164792594269615,0.0394030127176195,0.0540639380733246,0.0394913591427062,0.0111914141563737,0.169974230621131,0.0172215475449977,0.0251128027408351,0.0465527284934293,0.0366226316361087,0.0367756681772854,0.0628096211817779,0.317272522013999,0.0751544892766267,0.0557720057720058,0.072128303558246,0.0900426790335047,0.0652109441275665,-0.0290449078520145,-0.0390547477702257,-0.0238630127589518,-0.00215615762045531,0.00309410610519961,-0.000397450204075393,-0.00538689534114126,-0.00554897224374459,-0.0026981296016829,0.00872795223554077,0.00200971863939049,-0.00492871061142923,0.000971788239867239,0.00177195921077402,0.00685377381588712,-0.00315925654823556,0.00317530124762389,0.00622963117743941,0.00323784285683479,0.00764694564970996,-12.3707031541553,0.661391254893777
"f2c1",0.00242674169849807,-0.00644551439737757,-0.000893914612824996,-0.0014332575725774,-0.0127156897814571,0.0137235196257119,0.00236599845134647,0.00361707868200061,0.0029850323967971,0.0013132999443517,0.0259595119245702,0.0189156484764962,0.0195936960642843,0.0112853194969263,0.0310858119161814,0.00254897676789746,0.0155934553521908,0.0137853698020303,0.000426287387911493,0.000974083327024503,0.0287525469775866,0.0188870388573492,0.00895641025641026,0.015961540408899,0.0414150735220365,0.00450042568269169,0.0172215475449977,0.143937343444733,0.0239366544785264,0.0152581408739044,0.0286314670551124,0.0345122857438128,0.0165389058069936,0.03891337921521,0.257512221618685,0.0551413705757514,0.0617696589964774,0.0540142368295933,0.0772521129663987,0.00823800191422451,-0.0135363790186125,-0.00819242514014858,-0.0177969276882728,-0.0142254608918935,-0.0371651479596501,-0.0203561903123118,-0.0176128911373431,-0.017629665922246,-0.0161139216788458,0.000989230592890497,0.0164609155716734,0.00824411932735537,-0.00249356113003026,-0.00406813505507188,0.00741620102385713,0.0101750074032814,0.000485215336538169,-0.00198224257525976,0.0054742295811167,35.0576654561153,-304.223667189193
"f2d1",0.00876722627293381,-0.00928131961680698,-0.00753482601094129,0.00707033756514126,0.0116567587056626,0.0108732064887208,-0.00241762023573948,0.0287932953357391,0.0206688736100501,-0.0123539232053422,0.0270909595119246,0.0203778087763231,0.0200067905950259,-0.028278156900344,0.0109714630292405,-0.01615659120575,0.0205990016638935,0.0425449394624127,0.0176081766936147,0.0247205188381659,0.0228863230448016,0.0846004934903408,0.0613025641025641,0.0581374743045781,0.0709342213484724,0.0149653302362662,0.0251128027408351,0.0239366544785264,0.211945689778202,0.0598465573835032,0.0361805682002726,0.0566133374015147,0.0420140711960517,0.0556205298906932,0.0741263805902589,0.369993838570548,0.159261220317544,0.0670523869792608,0.146615818044389,0.00850861401030035,0.0336122924955412,0.00570849095301035,0.0277257399775197,0.0269639310718369,-0.00604435234002783,0.00693452637012819,0.000953889655407362,-0.00295964176655576,0.00279353399083585,-0.00222763765754182,0.00502496336222956,0.00228768722521672,-0.00455437107070623,0.00161352707424378,0.0100890709969837,0.0171322683133297,0.000267644361177526,-0.0016119592908487,0.00446906345099595,26.1593832223074,-96.5018550347987
"f2e1",0.0268047163918386,0.0216693108385249,0.00305397326715921,0.0117958897291203,0.00336416440969561,0.0260616280852369,0.0216209240299406,0.0211628612862973,0.0233992586933763,-0.00643294379521425,0.000330005546311703,-0.012688862372061,0.0685029567382509,0.0404630308499239,0.00222779325631906,-0.00189352559900954,0.00254298391569606,-0.00144177262149675,0.0472150895705029,0.0509450627097686,-0.00460845722335421,0.0275532106963028,0.111587179487179,0.109285287535569,0.0938534373808903,0.0116607530400634,0.0465527284934293,0.0152581408739044,0.0598465573835032,0.24817793044394,0.0841621432754438,0.0970408901443384,0.0312926598760895,0.0837719100955123,0.0579467680608365,0.131033066338057,0.39515079312551,0.182088782637229,0.214807943379372,-0.0252096531607493,4.57310101980152e-05,0.0312001504033544,0.0116148370176096,0.0150028084816145,0.00580562581903514,0.0337606469930311,0.0295194780860885,0.0191678820473087,0.0241368150305756,-0.000256651765913655,-0.0100027323083037,-0.0108770709654984,0.00168212065718449,0.00457638804070036,0.000561051132145102,-0.000934314888518509,0.00141306686466829,0.00143159553879831,0.00274180746976197,-16.8935172197269,-7.54458629704581
"f2f1",0.0287394762881355,0.0274348953294896,-0.00772376064519768,0.00831169454222713,0.00907046859829322,0.0100101634671618,0.0434053170437925,0.0313480152440053,0.022734346263758,0.0161491374513077,0.0265280088740987,0.00984577290017535,0.0317828141357553,0.0170210366025605,0.0163343588254672,-0.0111482720178372,0.0019606211869107,0.0430339617550841,0.0584791069028466,0.054129760012113,0.0100671647422836,0.0408132560332203,0.0926871794871795,0.192497949429384,0.125137916507854,0.0151720200981285,0.0366226316361087,0.0286314670551124,0.0361805682002726,0.0841621432754438,0.249976624360861,0.0962535001943869,0.0598095838146242,0.0542373262561288,0.0694984609813507,0.0843362771274047,0.174336855884278,0.455424526722516,0.262701848416134,0.00785629643133859,0.017880824987424,0.0495248621302584,0.00871112776320719,0.00448103271881081,-0.00976747020997775,-0.00381140841435086,-0.0230125879367026,-0.00559170046944077,-0.0271177202037236,-0.000229242354019964,0.00630666434834447,0.00614272585012047,-0.00145255517699133,-1.9223039773348e-05,-0.00294463759195562,-0.00229789081724806,0.00144649931931427,0.00979722791612623,0.00398100731473062,-50.9912455281106,-57.3790505887519
"f2g1",-0.0163487211237085,-0.0214537233072233,0.00953414923016186,0.000641667616174821,0.00766518473095202,0.0292810056722367,0.0375634517766497,0.042401605342147,0.014514896867838,-0.0183528102392877,0.00765668330560177,0.00603351204181442,0.0361514302690773,0.0284106931363149,0.0143606121685529,-0.00643126446054128,0.0122684414864115,0.039492765842636,0.0687451102329034,0.0619930855224973,0.0202022488868765,0.0273626351581777,0.0763461538461538,0.117036950776179,0.159531785993701,0.0129033528048306,0.0367756681772854,0.0345122857438128,0.0566133374015147,0.0970408901443384,0.0962535001943869,0.230902102823285,0.0421645839896391,0.0784115274466586,0.070707948578671,0.114489628260423,0.212404674182423,0.26314027228104,0.523940081082938,-0.00224180757485985,-0.00567064526455389,0.0135647873843489,0.0262270513300862,0.0402540672831952,0.018041629841831,0.00548051277639164,-0.00909601921406306,0.0166526138279933,0.00870424310559218,0.000697694120930325,-0.00259569288854666,-0.00356442037805211,0.00128549993197528,0.00446110372987027,0.00395771038906537,0.000412011402796661,0.00516761403779561,0.00238746640671778,0.00200851747895361,-12.2069510141807,-54.7756749576672
"f2a2",0.10989481409002,0.100247676125245,0.0534396609068267,0.144164045626627,-0.0155771948624765,-0.0165197121718861,0.00894625092444593,0.0169128267250617,-0.015016501650165,0.0280150416330916,0.0682053643375158,-0.0412111406448631,-0.00499354283254412,0.0174825174825175,-0.0206672059786587,0.019550059709542,-0.0505276083035954,0.0745959725892836,0.216637983326045,0.169525983521775,0.0735849056603774,0.100165668408309,0.111388738004708,0.13111144526551,0.0605397674978406,0.114914767755259,0.0628096211817779,0.0165389058069936,0.0420140711960517,0.0312926598760895,0.0598095838146242,0.0421645839896391,0.716881934964472,0.454001206627168,0.312969089564834,0.280670430959448,0.283130949256865,0.356991996442864,0.263838033367784,0.101694915254237,0.0556337277475749,0.0794336069360054,-0.00174769055177087,0.0382205513784461,0.0266834221229306,-0.012875842636516,-0.0270945725896663,0.0274917386206161,0.0167155176075783,0.00436016892580335,-0.00172509503833154,0.00447962560870207,0.00372929593510965,0.0111916976276914,-0.01256724502805,-0.0150857677760582,0.00847108845112279,0.00649898805100494,0.00349421572704545,-65.9405468557975,-15.2819527394546
